17
0 27 17 44 29 48 48 24 14 50 29 1 22 24 13 24 11 
20 0 31 11 6 50 27 44 10 5 4 28 36 16 18 48 45 
11 31 0 32 11 27 2 10 39 15 2 2 35 4 43 50 46 
47 4 47 0 15 42 21 17 1 26 46 48 50 10 18 42 48 
24 22 31 25 0 25 36 49 14 37 31 41 14 12 39 48 31 
42 3 7 49 26 0 19 50 39 49 18 9 36 5 5 12 16 
34 28 11 6 39 29 0 24 45 49 22 23 30 43 50 45 50 
47 38 46 7 42 32 50 0 7 40 32 24 22 44 43 46 32 
10 4 30 10 50 7 24 27 0 48 15 23 10 23 41 1 40 
18 35 21 9 45 35 5 16 1 0 31 4 42 44 4 40 31 
7 6 44 24 32 17 33 27 47 20 0 39 33 20 26 33 39 
9 7 35 27 32 12 49 29 23 35 11 0 32 14 49 20 47 
19 40 48 25 16 50 2 28 23 30 16 25 0 15 25 17 45 
40 40 16 8 11 42 40 1 47 22 36 6 45 0 50 10 16 
12 10 10 47 47 37 24 15 30 40 6 34 48 3 0 29 32 
2 39 48 35 26 9 39 14 25 16 50 5 5 48 40 0 6 
15 28 43 49 27 22 29 43 11 17 26 35 11 41 29 6 0 
